D_pass:0.0016299918500407573
D_fail:0.004552904753232556
Correct
