D_pass:0.011417322834645693
D_fail:0.0020220588235294102
Incorrect
