D_pass:0.03613995670877057
D_fail:0.41618620542387363
Correct
