D_pass:0.2666666666666667
D_fail:0.16666666666666663
Incorrect
