D_pass:0.01620526671168132
D_fail:0.01271441396566421
Incorrect
