D_pass:0.9480314960629921
D_fail:0.9234083852063197
Incorrect
