D_pass:0.9337995337995338
D_fail:0.43601498331474114
Incorrect
