D_pass:0.5172413793103448
D_fail:0.1459145625838976
Incorrect
