D_pass:0.02857142857142858
D_fail:0.08116883116883117
Correct
