D_pass:0.36545610523305694
D_fail:0.9113730141081708
Correct
