D_pass:0.5079264426125555
D_fail:0.4489537095751427
Incorrect
