D_pass:0.04761904761904767
D_fail:0.026290369647107008
Incorrect
