D_pass:0.08333333333333337
D_fail:0.4444444444444444
Incorrect
