D_pass:0.3689320388349514
D_fail:0.35609756097560974
Incorrect
