D_pass:0.6578947368421053
D_fail:0.04028103044496487
Incorrect
