D_pass:0.9700787401574803
D_fail:0.9246908712384077
Incorrect
