D_pass:0.018867924528301883
D_fail:0.5835240274599542
Incorrect
