D_pass:0.5500394011032309
D_fail:0.03720050165112804
Incorrect
