D_pass:0.27652273377180436
D_fail:0.8878511600326143
Incorrect
