D_pass:0.07928661815881055
D_fail:0.05598868280414959
Incorrect
