D_pass:0.06666666666666665
D_fail:0.2777777777777778
Incorrect
