D_pass:0.21894294049799856
D_fail:0.14290309601579382
Incorrect
