D_pass:0.08823529411764708
D_fail:0.15917405127529585
Correct
