D_pass:0.023255813953488413
D_fail:0.0689181359015204
Correct
