D_pass:0.23750000000000004
D_fail:0.25220568364516555
Correct
