D_pass:0.017094017094017144
D_fail:0.28205128205128205
Correct
