D_pass:0.16666666666666663
D_fail:0.19999999999999996
Incorrect
