D_pass:0.9031476997578692
D_fail:0.7613641313423023
Incorrect
