D_pass:0.9031476997578692
D_fail:0.5772737510176336
Incorrect
