D_pass:0.22535211267605637
D_fail:0.6204238921001927
Correct
