D_pass:0.22661396574440051
D_fail:0.2757805108798487
Incorrect
