D_pass:0.3548387096774194
D_fail:0.21709021625725838
Incorrect
