D_pass:0.42105263157894735
D_fail:0.4891304347826087
Correct
