D_pass:0.0076045627376425395
D_fail:0.258147340856121
Correct
