D_pass:0.15625
D_fail:0.04356425417528784
Incorrect
