D_pass:0.020220588235294157
D_fail:0.02898550724637683
Incorrect
