D_pass:0.025000000000000022
D_fail:0.415613197551448
Correct
