D_pass:0.2033898305084746
D_fail:0.1167311861305295
Incorrect
