D_pass:0.1883362787174956
D_fail:0.015917150225660863
Incorrect
