D_pass:0.3132530120481928
D_fail:0.052032520325203245
Incorrect
