D_pass:0.0821917808219178
D_fail:0.6535433070866141
Incorrect
