D_pass:0.07758620689655171
D_fail:0.054873511904761904
Incorrect
