D_pass:0.027272727272727226
D_fail:0.026409898081098143
Incorrect
