D_pass:0.055776892430278835
D_fail:0.05612165654291157
Incorrect
