D_pass:0.027272727272727226
D_fail:0.047269165886003606
Correct
