D_pass:0.15919140871762472
D_fail:0.015761234071093227
Incorrect
