D_pass:0.20155038759689925
D_fail:0.6204238921001927
Correct
