D_pass:0.9871134020618557
D_fail:0.23426408472439003
Incorrect
