D_pass:0.9435736677115988
D_fail:0.9234429313988975
Incorrect
