D_pass:0.8878281622911695
D_fail:0.26686406910030885
Incorrect
