D_pass:0.2583333333333333
D_fail:0.5061728395061729
Correct
