D_pass:0.33333333333333337
D_fail:0.477315233785822
Correct
