D_pass:0.007246376811594235
D_fail:0.061502530669107075
Correct
