D_pass:0.8181818181818181
D_fail:0.6382978723404256
Incorrect
