D_pass:0.0690208667736758
D_fail:0.13157894736842102
Correct
