D_pass:0.0020682523267838704
D_fail:0.10993737247312547
Incorrect
