D_pass:0.05364824506123789
D_fail:0.35701357466063344
Incorrect
