D_pass:0.03385416666666663
D_fail:0.026825633383010472
Incorrect
