D_pass:0.1589648798521257
D_fail:0.07407407407407407
Incorrect
