D_pass:0.041986973415704565
D_fail:0.3035155713566382
Correct
