D_pass:0.019323671497584516
D_fail:0.010601030605281576
Incorrect
