D_pass:0.024390243902439046
D_fail:0.6237113402061856
Correct
