D_pass:0.018867924528301883
D_fail:0.5766806722689075
Incorrect
