D_pass:0.011904761904761862
D_fail:0.06064888764419483
Correct
