D_pass:0.4790874524714829
D_fail:0.48707639287765647
Incorrect
