D_pass:0.23529411764705888
D_fail:0.5967741935483871
Incorrect
