D_pass:0.06792214955480258
D_fail:0.35701357466063344
Incorrect
