D_pass:0.8878281622911695
D_fail:0.26845505637241074
Incorrect
