D_pass:0.2704778156996587
D_fail:0.7580792676985664
Correct
