D_pass:0.010869565217391353
D_fail:0.0515420643336868
Incorrect
