D_pass:0.031746031746031744
D_fail:0.6469534050179211
Incorrect
