D_pass:0.019607843137254943
D_fail:0.15403422982885084
Incorrect
