D_pass:0.0888888888888889
D_fail:0.056182625387015225
Incorrect
