D_pass:0.08333333333333337
D_fail:0.19047619047619047
Incorrect
