D_pass:0.4378378378378378
D_fail:0.1351351351351351
Incorrect
