D_pass:0.03125
D_fail:0.8266157053509382
Correct
