D_pass:0.6916666666666667
D_fail:0.41733333333333333
Incorrect
