D_pass:0.5998588567395906
D_fail:0.03809923244990228
Incorrect
