D_pass:0.9272445820433437
D_fail:0.9298425092464726
Incorrect
