D_pass:0.052631578947368474
D_fail:0.2703461037935263
Correct
