D_pass:0.08144796380090502
D_fail:0.06153846153846154
Incorrect
