D_pass:0.2090909090909091
D_fail:0.19485527629071775
Incorrect
