D_pass:0.0066681735985533175
D_fail:0.04076200250152336
Correct
