D_pass:0.02857142857142858
D_fail:0.14999999999999997
Incorrect
