D_pass:0.07407407407407407
D_fail:0.07238746396424668
Incorrect
