D_pass:0.020408163265306145
D_fail:0.26775020941712696
Correct
