D_pass:0.9464566929133859
D_fail:0.9226709274106089
Incorrect
