D_pass:0.19999999999999996
D_fail:0.26344304391423956
Incorrect
