D_pass:0.002447980416156681
D_fail:2.3912003825920416E-4
Incorrect
