D_pass:0.7006761014322451
D_fail:0.8823144047587852
Incorrect
