D_pass:0.5917695473251029
D_fail:0.08407350836235743
Incorrect
