D_pass:0.03448275862068961
D_fail:0.04166666666666663
Correct
