D_pass:0.273037542662116
D_fail:0.7563392955323904
Correct
