D_pass:0.24603174603174605
D_fail:0.2032520325203252
Incorrect
