D_pass:0.005376344086021501
D_fail:0.002011060834590248
Incorrect
