D_pass:0.03448275862068961
D_fail:0.07999999999999996
Incorrect
