D_pass:0.0031162355874103653
D_fail:0.06467210637654885
Incorrect
