D_pass:0.03125
D_fail:0.08170852394769748
Correct
