D_pass:0.09999999999999998
D_fail:0.2962962962962963
Incorrect
