D_pass:0.2272727272727273
D_fail:0.21390980854731878
Incorrect
