D_pass:0.5466893039049237
D_fail:0.2173913043478261
Incorrect
