D_pass:0.020408163265306145
D_fail:0.08706367721548929
Correct
