D_pass:0.016778523489932917
D_fail:0.004728275734597609
Incorrect
