D_pass:0.0043290043290042934
D_fail:0.15688161693936475
Correct
