D_pass:0.06630581867388363
D_fail:0.8919679279786187
Correct
