D_pass:0.19635099913119025
D_fail:0.7198532783127005
Correct
