D_pass:0.03455723542116629
D_fail:0.04282722640139421
Incorrect
