D_pass:0.34050179211469533
D_fail:0.3869624536101564
Incorrect
