D_pass:0.962962962962963
D_fail:0.9482781954316015
Incorrect
