D_pass:0.3586956521739131
D_fail:0.20864693040526952
Incorrect
