D_pass:0.020408163265306145
D_fail:0.14889950081685516
Correct
