D_pass:0.004714201532115547
D_fail:0.005576030092097489
Incorrect
