D_pass:0.03448275862068961
D_fail:0.0908357494012354
Incorrect
