D_pass:0.07692307692307687
D_fail:0.15384615384615385
Correct
