D_pass:0.19999999999999996
D_fail:0.7738095238095238
Incorrect
