D_pass:0.006526806526806483
D_fail:0.007500137854627538
Correct
