D_pass:0.004295098534613406
D_fail:0.15780897695296914
Incorrect
