D_pass:0.42391304347826086
D_fail:0.31870003070288
Incorrect
