D_pass:0.2433966690124325
D_fail:0.026666666666666616
Incorrect
