D_pass:0.09505703422053235
D_fail:0.35076142131979693
Correct
