D_pass:0.1575091575091575
D_fail:0.24590163934426235
Correct
