D_pass:0.9243827160493827
D_fail:0.9094870412783516
Incorrect
