D_pass:0.024390243902439046
D_fail:0.023429625571721718
Incorrect
