D_pass:0.7543859649122807
D_fail:0.38350570329639827
Incorrect
