D_pass:0.10966810966810969
D_fail:0.8909832606555071
Incorrect
