D_pass:8.166598611678566E-4
D_fail:0.0026455026455026467
Correct
