D_pass:0.9779527559055118
D_fail:0.9503377264952108
Incorrect
