D_pass:0.033333333333333326
D_fail:0.061320754716981174
Correct
