D_pass:0.0021645021645021467
D_fail:0.15688161693936475
Correct
