D_pass:0.17500000000000004
D_fail:0.45185700520177363
Incorrect
