D_pass:0.0024539877300613355
D_fail:0.06249726601800987
Incorrect
