D_pass:0.2727272727272727
D_fail:0.34979423868312753
Incorrect
