D_pass:0.021720243266724615
D_fail:0.7417218543046358
Correct
