D_pass:0.13947696139476962
D_fail:0.18195695176543905
Incorrect
