D_pass:0.013071895424836555
D_fail:0.019607843137254943
Correct
