D_pass:0.010008578781812938
D_fail:0.4659896721270971
Incorrect
