D_pass:0.022471910112359605
D_fail:7.497375918430471E-5
Incorrect
