D_pass:0.006484483557202436
D_fail:0.007444315199094429
Correct
