D_pass:0.007107320540156392
D_fail:0.02723908216136195
Incorrect
