D_pass:0.5931612002791347
D_fail:0.027304762095950515
Incorrect
