D_pass:0.574468085106383
D_fail:0.47851966873706003
Incorrect
