D_pass:0.1294964028776978
D_fail:0.06780454638752052
Incorrect
