D_pass:0.06156670411266685
D_fail:0.33675373134328357
Correct
