D_pass:0.19402985074626866
D_fail:0.07582458761158511
Incorrect
