D_pass:0.45441925034706154
D_fail:0.34560906515580736
Incorrect
