D_pass:0.35106382978723405
D_fail:0.07615404588279032
Incorrect
