D_pass:0.030303030303030276
D_fail:0.8278688524590164
Correct
