D_pass:0.08484848484848484
D_fail:0.07361963190184051
Incorrect
