D_pass:0.16047058823529414
D_fail:0.951188634125756
Incorrect
