D_pass:0.010676156583629859
D_fail:0.03261313542805988
Incorrect
