D_pass:0.06336260978670016
D_fail:0.02981936062675918
Incorrect
