D_pass:0.13728549141965674
D_fail:0.006010171058714751
Incorrect
