D_pass:0.19999999999999996
D_fail:0.019385903480209188
Incorrect
