D_pass:0.008160093258208656
D_fail:0.041054739652870494
Correct
