D_pass:0.20584144645340752
D_fail:0.10464713101523394
Incorrect
