D_pass:0.012354312354312391
D_fail:0.35677325195701204
Correct
