D_pass:0.011904761904761862
D_fail:0.006384644203713008
Incorrect
