D_pass:0.032258064516129004
D_fail:0.11688311688311692
Correct
