D_pass:0.0714285714285714
D_fail:0.06060606060606055
Incorrect
