D_pass:0.15576323987538943
D_fail:0.09953572518564657
Incorrect
