D_pass:0.037735849056603765
D_fail:0.08502681181252608
Incorrect
