D_pass:0.028301886792452824
D_fail:0.015564202334630295
Incorrect
