D_pass:0.46545204537641804
D_fail:0.8089837669557483
Incorrect
