D_pass:0.22580645161290325
D_fail:0.08333333333333337
Incorrect
