D_pass:0.3103734626088518
D_fail:0.346657477601654
Correct
