D_pass:0.05882352941176472
D_fail:0.09790209790209792
Correct
