D_pass:0.0032295271049596064
D_fail:0.14689217032967028
Correct
