D_pass:0.5895316804407713
D_fail:0.8949143588917953
Correct
