D_pass:0.059113300492610876
D_fail:0.03145478374836175
Incorrect
