D_pass:0.2377994676131322
D_fail:0.7114548090865151
Correct
