D_pass:0.016393442622950838
D_fail:0.1700374531835206
Incorrect
