D_pass:0.687722068693249
D_fail:0.40576794097920854
Incorrect
