D_pass:0.006578947368421018
D_fail:0.30000000000000004
Correct
