D_pass:0.2903629536921152
D_fail:0.1061452513966481
Incorrect
