D_pass:0.0027272727272726893
D_fail:0.35759829968119017
Incorrect
