D_pass:0.009201931269525732
D_fail:0.06254775252344447
Correct
