D_pass:0.07808388378712205
D_fail:0.35701357466063344
Incorrect
