D_pass:0.6744186046511628
D_fail:0.9999959308405663
Correct
