D_pass:0.445859872611465
D_fail:0.5421686746987953
Incorrect
