D_pass:0.024021352313167266
D_fail:0.36468733578560164
Correct
