D_pass:0.7156862745098039
D_fail:0.9428571428571428
Incorrect
