D_pass:0.09495888933818575
D_fail:0.20785092472011965
Incorrect
