D_pass:0.0062893081761006275
D_fail:0.033970276008492575
Correct
