D_pass:0.2727272727272727
D_fail:0.24590163934426235
Incorrect
