D_pass:0.2142857142857143
D_fail:0.009282938820823872
Incorrect
