D_pass:0.8428571428571429
D_fail:0.578125
Incorrect
