D_pass:0.011363636363636354
D_fail:0.005071851225697421
Incorrect
