D_pass:0.027272727272727226
D_fail:0.02659180984343871
Incorrect
