D_pass:0.06206896551724139
D_fail:0.5326086956521738
Incorrect
