D_pass:0.7485380116959064
D_fail:0.38754991078494205
Incorrect
