D_pass:0.8854415274463007
D_fail:0.06644464859898944
Incorrect
