D_pass:0.047244094488189003
D_fail:0.03631669256669258
Incorrect
