D_pass:0.24927148315237335
D_fail:0.41492726122707146
Correct
