D_pass:0.15341959334565625
D_fail:0.06172839506172841
Incorrect
