D_pass:0.7124681933842238
D_fail:0.46850629874025196
Incorrect
