D_pass:0.23970037453183524
D_fail:0.7281553398058253
Incorrect
