D_pass:0.6267281105990783
D_fail:0.5904652498564044
Incorrect
