D_pass:0.027272727272727226
D_fail:0.01824028461959498
Incorrect
