D_pass:0.25149700598802394
D_fail:0.05001767881575857
Incorrect
