D_pass:0.07878787878787874
D_fail:0.06748466257668717
Incorrect
