D_pass:0.08823529411764708
D_fail:0.12365463140320347
Incorrect
