D_pass:0.005514705882352922
D_fail:0.11458333333333333
Correct
