D_pass:0.24285714285714288
D_fail:0.7883923559224206
Incorrect
