D_pass:0.027272727272727226
D_fail:0.023002189381499744
Incorrect
