D_pass:0.15807560137457044
D_fail:0.3154471544715447
Correct
