D_pass:0.3825503355704698
D_fail:0.6350930557083108
Incorrect
