D_pass:0.888095238095238
D_fail:0.28342324338524416
Incorrect
