D_pass:0.026548672566371723
D_fail:0.024174973303893187
Incorrect
