D_pass:0.5138888888888888
D_fail:0.5782048004917721
Correct
