D_pass:0.16551724137931034
D_fail:0.08554673896259903
Incorrect
