D_pass:0.6857142857142857
D_fail:0.41251304755036566
Incorrect
