D_pass:0.02777777777777779
D_fail:0.4139603049894645
Correct
