D_pass:0.7426900584795322
D_fail:0.38813270078862977
Incorrect
