D_pass:0.0011933174224343368
D_fail:1.9083969465648608E-4
Incorrect
