D_pass:0.0010341261633919352
D_fail:0.054542106627127496
Incorrect
