D_pass:0.02972972972972976
D_fail:0.4615337482384041
Incorrect
