D_pass:0.16000000000000003
D_fail:0.17156557727986294
Incorrect
