D_pass:0.10344827586206895
D_fail:0.061259920634920625
Incorrect
