D_pass:0.0029673590504450953
D_fail:0.0024494794856093627
Incorrect
