D_pass:0.042944785276073594
D_fail:0.03361344537815125
Incorrect
