D_pass:0.11917404129793507
D_fail:0.04294516428082597
Incorrect
