D_pass:0.001365498406918575
D_fail:0.35708588141451747
Incorrect
