D_pass:0.022900763358778664
D_fail:0.17333333333333334
Correct
