D_pass:0.7274785830786528
D_fail:0.30509197149995637
Incorrect
