D_pass:0.8181818181818181
D_fail:0.5405405405405406
Incorrect
