D_pass:0.2590792107520732
D_fail:0.8900995725545425
Incorrect
