D_pass:0.03125
D_fail:0.8278941944349021
Incorrect
