D_pass:0.3515163851007531
D_fail:0.21635267753653523
Incorrect
