D_pass:0.7938931297709924
D_fail:0.040328149270407114
Incorrect
