D_pass:0.14352574102964122
D_fail:0.007397133610725846
Incorrect
