D_pass:0.06329113924050633
D_fail:0.021294442152665776
Incorrect
