D_pass:0.75825946817083
D_fail:0.03491371559247305
Incorrect
