D_pass:0.10416666666666663
D_fail:0.03965271396795572
Incorrect
