D_pass:0.9018691588785047
D_fail:0.9503377264952108
Incorrect
