D_pass:0.01666666666666672
D_fail:0.061320754716981174
Incorrect
