D_pass:0.8854415274463007
D_fail:0.127668291352296
Incorrect
