D_pass:0.2377994676131322
D_fail:0.7158495954307473
Incorrect
