D_pass:0.023809523809523836
D_fail:0.18518518518518523
Incorrect
