D_pass:0.16666666666666663
D_fail:0.1279203079916516
Incorrect
