D_pass:0.8878281622911695
D_fail:0.20832485511699103
Incorrect
