D_pass:0.5895316804407713
D_fail:0.8923933174784149
Incorrect
