D_pass:0.001365498406918575
D_fail:0.35717134122025784
Incorrect
