D_pass:0.001421464108031234
D_fail:0.005447816432272379
Correct
