D_pass:0.5357686453576864
D_fail:0.18996239217745423
Incorrect
