D_pass:0.053009575923392616
D_fail:0.16119691119691115
Incorrect
