D_pass:0.03125
D_fail:0.8295765027322404
Incorrect
