D_pass:0.014367816091954033
D_fail:0.16119691119691115
Correct
