D_pass:0.971671388101983
D_fail:0.6458333333333333
Incorrect
