D_pass:0.047244094488189003
D_fail:0.6904761904761905
Incorrect
