D_pass:0.05084745762711862
D_fail:0.07772367419524502
Incorrect
