D_pass:0.026548672566371723
D_fail:0.05079185839092086
Incorrect
