D_pass:0.006172839506172867
D_fail:0.2863013698630137
Correct
