D_pass:0.33333333333333337
D_fail:0.34615384615384615
Correct
