D_pass:0.15031847133757958
D_fail:0.2756140976154876
Incorrect
