D_pass:0.027272727272727226
D_fail:0.02233097320560879
Incorrect
