D_pass:0.273037542662116
D_fail:0.7575373865084669
Incorrect
