D_pass:0.07999999999999996
D_fail:0.13899613899613905
Correct
