D_pass:0.0040000000000000036
D_fail:0.03853085437491047
Incorrect
