D_pass:0.15841584158415845
D_fail:0.22565864833906069
Incorrect
