D_pass:0.718987341772152
D_fail:0.4797619047619047
Incorrect
