D_pass:4.083299305839283E-4
D_fail:0.0026455026455026467
Correct
