D_pass:0.988976377952756
D_fail:0.953031037996189
Incorrect
