D_pass:0.006931316950220534
D_fail:0.0013908205841446364
Incorrect
