D_pass:0.7134502923976609
D_fail:0.394833456934692
Incorrect
