D_pass:0.07604562737642584
D_fail:0.07668711656441718
Correct
