D_pass:0.21673003802281365
D_fail:0.19436651470535501
Incorrect
