D_pass:0.001394700139469962
D_fail:0.04644495412844041
Correct
