D_pass:0.12169833450621625
D_fail:0.02659574468085102
Incorrect
