D_pass:0.010781671159029615
D_fail:0.5223599137931034
Incorrect
