D_pass:0.9206798866855525
D_fail:0.020833333333333315
Incorrect
