D_pass:0.6043265875785067
D_fail:0.040888755030934566
Incorrect
