D_pass:0.03252032520325199
D_fail:0.9692522711390636
Correct
