D_pass:0.8860335195530726
D_fail:0.054200404858299606
Incorrect
