D_pass:3.5132405252291665E-4
D_fail:0.01859526940144602
Incorrect
