D_pass:3.9808917197448057E-4
D_fail:6.377551020408378E-5
Incorrect
