D_pass:0.052631578947368474
D_fail:0.19674796747967482
Correct
