D_pass:0.0028248587570621764
D_fail:0.0892857142857143
Incorrect
