D_pass:0.3209797657082002
D_fail:0.7929730931732266
Incorrect
