D_pass:0.7962138084632517
D_fail:0.5326328252810382
Incorrect
