D_pass:0.06451612903225812
D_fail:7.497563291924969E-5
Incorrect
