D_pass:0.047477744807121636
D_fail:0.01163502755664425
Incorrect
