D_pass:0.11764705882352944
D_fail:0.006553079947575369
Incorrect
