D_pass:0.0025316455696202667
D_fail:0.16117729502452693
Correct
