D_pass:0.11363636363636365
D_fail:0.03610940063329634
Incorrect
