D_pass:0.11820330969267134
D_fail:0.05228758169934644
Incorrect
