D_pass:0.14465408805031443
D_fail:0.02995169082125604
Incorrect
