D_pass:0.07152682255845944
D_fail:0.9207854934984196
Correct
