D_pass:0.032478632478632474
D_fail:0.05188679245283023
Correct
