D_pass:0.0028248587570621764
D_fail:0.10416666666666669
Correct
