D_pass:0.028368794326241176
D_fail:0.08245335187701136
Incorrect
