D_pass:0.23529411764705888
D_fail:0.5593220338983051
Incorrect
