D_pass:0.7121212121212122
D_fail:0.8491570541259983
Incorrect
