D_pass:0.00591715976331364
D_fail:6.123698714023407E-4
Incorrect
