D_pass:0.17923691215616677
D_fail:0.7072822465492623
Correct
