D_pass:0.7906458797327394
D_fail:0.5016585494875151
Incorrect
