D_pass:0.8285714285714285
D_fail:0.6323529411764706
Incorrect
