D_pass:0.5453100158982511
D_fail:0.0365057522488454
Incorrect
