D_pass:0.03448275862068961
D_fail:0.032765399737876844
Incorrect
