D_pass:0.025000000000000022
D_fail:0.11235431235431237
Correct
