D_pass:0.16990560799555798
D_fail:0.4195610793457994
Incorrect
