D_pass:0.18888888888888888
D_fail:0.14267186028267115
Incorrect
