D_pass:0.8428571428571429
D_fail:0.564516129032258
Incorrect
