D_pass:0.033333333333333326
D_fail:0.7894736842105263
Incorrect
