D_pass:0.19999999999999996
D_fail:0.08333333333333337
Incorrect
