D_pass:0.28301886792452835
D_fail:0.030743525480367587
Incorrect
