D_pass:0.1566931270778208
D_fail:0.12235224168562835
Incorrect
