D_pass:0.009267840593141785
D_fail:0.2615384615384615
Correct
