D_pass:0.988976377952756
D_fail:0.9514696223126359
Incorrect
