D_pass:0.9480314960629921
D_fail:0.9232527881974469
Incorrect
