D_pass:0.06896551724137934
D_fail:0.04166666666666663
Incorrect
