D_pass:0.019704433497536922
D_fail:0.017038007863695914
Incorrect
