D_pass:0.6989914662529093
D_fail:0.4386304909560723
Incorrect
