D_pass:0.20477815699658708
D_fail:0.7558235515854823
Incorrect
