D_pass:0.06335020563112936
D_fail:0.035057561898754086
Incorrect
