D_pass:0.012345679012345734
D_fail:0.17405303030303032
Incorrect
