D_pass:0.8878281622911695
D_fail:0.7441673111892235
Incorrect
