D_pass:0.060431654676258995
D_fail:0.013202333247619555
Incorrect
