D_pass:0.03125
D_fail:0.08184518557518664
Correct
