D_pass:0.014662756598240456
D_fail:0.00911854103343468
Incorrect
