D_pass:0.2351375332741792
D_fail:0.19402985074626866
Incorrect
