D_pass:0.37681159420289856
D_fail:0.33152036021019965
Incorrect
