D_pass:0.028846153846153855
D_fail:0.062113008468693595
Correct
