D_pass:0.004656938838869862
D_fail:0.06467210637654885
Incorrect
