D_pass:0.9166666666666666
D_fail:0.37362637362637363
Incorrect
