D_pass:0.02298850574712641
D_fail:0.002621231979030192
Incorrect
