D_pass:0.108843537414966
D_fail:0.1061452513966481
Incorrect
