D_pass:0.37349397590361444
D_fail:0.22976114986260834
Incorrect
