D_pass:0.1589648798521257
D_fail:0.02898550724637683
Incorrect
