D_pass:0.0028328611898017497
D_fail:0.09259259259259262
Correct
