D_pass:0.034305993690851744
D_fail:0.029239437205164715
Incorrect
