D_pass:0.08695652173913049
D_fail:0.016285311906273255
Incorrect
