D_pass:0.10169491525423724
D_fail:0.07392356227453856
Incorrect
