D_pass:0.07908889591901302
D_fail:0.052767702255164806
Incorrect
