D_pass:0.33818181818181814
D_fail:0.8868381390062511
Incorrect
