D_pass:0.3448773448773449
D_fail:0.9509073006048671
Correct
