D_pass:0.04875148632580262
D_fail:0.5714285714285714
Correct
