D_pass:0.902676399026764
D_fail:0.7001017830936582
Incorrect
