D_pass:0.2858361774744027
D_fail:0.7627221146400547
Incorrect
