D_pass:0.020408163265306145
D_fail:0.20795683832403922
Correct
