D_pass:0.9441860465116279
D_fail:0.923520060930737
Incorrect
