D_pass:0.18788410886742757
D_fail:0.71270207852194
Correct
