D_pass:0.005665722379603388
D_fail:0.20833333333333331
Correct
