D_pass:0.027272727272727226
D_fail:0.01756775490399946
Incorrect
