D_pass:0.2895833333333333
D_fail:0.15316630580254242
Incorrect
