D_pass:0.025000000000000022
D_fail:0.05882352941176472
Incorrect
