D_pass:0.035335689045936425
D_fail:0.1705685618729097
Correct
