D_pass:0.07843137254901966
D_fail:0.06758860153256704
Incorrect
