D_pass:0.1519607843137255
D_fail:0.9206639471092981
Incorrect
