D_pass:0.6666666666666667
D_fail:0.3826404190176645
Incorrect
