D_pass:0.9441860465116279
D_fail:0.9235117758448719
Incorrect
