D_pass:0.9480314960629921
D_fail:0.923391806410281
Incorrect
