D_pass:0.8854415274463007
D_fail:0.1895016246856293
Incorrect
