D_pass:0.18232044198895025
D_fail:0.06930291009643709
Incorrect
