D_pass:0.9648014440433212
D_fail:0.5501097091127397
Incorrect
