D_pass:0.012345679012345734
D_fail:0.8407053197848177
Incorrect
