D_pass:0.18181818181818177
D_fail:0.3448275862068966
Incorrect
