D_pass:0.7020996693842931
D_fail:0.3040588763520838
Incorrect
