D_pass:0.05342904896292844
D_fail:0.36791824039102416
Correct
