D_pass:0.3163265306122449
D_fail:0.2962962962962963
Incorrect
