D_pass:0.05660377358490565
D_fail:0.07442028364758072
Correct
