D_pass:0.4477611940298507
D_fail:0.4545454545454546
Correct
