D_pass:0.13103448275862073
D_fail:0.03610940063329634
Incorrect
