D_pass:0.005847953216374324
D_fail:0.028037383177570097
Incorrect
