D_pass:0.0061782877316858276
D_fail:0.7304474354310658
Correct
