D_pass:0.025000000000000022
D_fail:0.41475849669674714
Incorrect
