D_pass:0.21673003802281365
D_fail:0.2000588188110165
Incorrect
