D_pass:0.3896499238964992
D_fail:0.07449280384508052
Incorrect
