D_pass:0.27835051546391754
D_fail:0.8252032520325203
Incorrect
