D_pass:0.9074074074074074
D_fail:0.8706954885790039
Incorrect
