D_pass:0.005514705882352922
D_fail:0.02898550724637683
Incorrect
