D_pass:0.047244094488189003
D_fail:0.11111111111111116
Correct
