D_pass:0.30434782608695654
D_fail:0.32456140350877194
Correct
