D_pass:0.017241379310344862
D_fail:0.014938059478942148
Incorrect
