D_pass:0.2102857142857143
D_fail:0.9382472921648615
Incorrect
