D_pass:0.17500000000000004
D_fail:0.4184846563735237
Correct
