D_pass:0.5844748858447488
D_fail:0.19304956512154042
Incorrect
