D_pass:0.005586592178770999
D_fail:0.0515420643336868
Correct
