D_pass:0.058252427184465994
D_fail:0.05263157894736844
Incorrect
