D_pass:0.36413043478260865
D_fail:0.25785243018116716
Incorrect
