D_pass:0.03170344412199533
D_fail:0.41780238500851785
Correct
