D_pass:0.011834319526627168
D_fail:0.05228758169934644
Correct
