D_pass:0.007194244604316502
D_fail:0.1428571428571429
Incorrect
