D_pass:0.9508196721311475
D_fail:0.9250875128148904
Incorrect
