D_pass:0.09063444108761332
D_fail:0.14383561643835618
Incorrect
