D_pass:0.2678571428571429
D_fail:0.09534770579264777
Incorrect
