D_pass:0.11972789115646254
D_fail:0.11731843575418999
Incorrect
