D_pass:0.0357142857142857
D_fail:0.03848003848003848
Correct
