D_pass:0.34693877551020413
D_fail:0.03627762877577417
Incorrect
