D_pass:0.5849403122130394
D_fail:0.8950970154567771
Correct
