D_pass:0.0020682523267838704
D_fail:0.054542106627127496
Incorrect
