D_pass:0.17647058823529416
D_fail:0.35174033613034533
Incorrect
