D_pass:0.26106194690265483
D_fail:0.3089430894308943
Correct
