D_pass:0.005191693290734878
D_fail:0.007227525750078091
Incorrect
