D_pass:0.03809523809523807
D_fail:0.007880220646178092
Incorrect
