D_pass:0.015625
D_fail:0.773752947368624
Correct
