D_pass:0.0227416298168035
D_fail:0.003353454057679411
Incorrect
