D_pass:0.02857142857142858
D_fail:0.11694152923538231
Incorrect
