D_pass:0.004761904761904745
D_fail:0.8489433237271854
Correct
