D_pass:0.0767186344083075
D_fail:0.35349369988545243
Correct
