D_pass:0.01754385964912286
D_fail:0.028301886792452824
Incorrect
