D_pass:0.00295857988165682
D_fail:6.123698714023407E-4
Incorrect
