D_pass:0.061224489795918324
D_fail:0.053478094590574954
Incorrect
