D_pass:0.6944553676759733
D_fail:0.4012345679012346
Incorrect
