D_pass:0.06156670411266685
D_fail:0.3369083702494754
Incorrect
