D_pass:0.03508771929824561
D_fail:0.18373983739837396
Incorrect
