D_pass:0.15679442508710806
D_fail:0.32357723577235775
Correct
