D_pass:0.10280373831775702
D_fail:0.33751229105211406
Incorrect
