D_pass:0.20661157024793386
D_fail:0.5766806722689075
Correct
