D_pass:0.9261083743842364
D_fail:0.37787589512232705
Incorrect
