D_pass:0.14635986420218783
D_fail:0.900798062906135
Incorrect
