D_pass:0.988976377952756
D_fail:0.9267706865035109
Incorrect
