D_pass:0.02409638554216864
D_fail:0.8295765027322404
Correct
