D_pass:0.1383570105003088
D_fail:0.7341772151898734
Incorrect
