D_pass:0.5908881730326737
D_fail:0.8976578968663692
Incorrect
