D_pass:0.11111111111111116
D_fail:0.30434782608695654
Correct
