D_pass:0.06666666666666665
D_fail:0.3157894736842105
Correct
