D_pass:1.643700517766078E-4
D_fail:0.3680586406041759
Correct
