D_pass:0.6031746031746033
D_fail:0.1416879922437961
Incorrect
