D_pass:0.39473684210526316
D_fail:0.5132211538461539
Incorrect
