D_pass:0.03409090909090906
D_fail:0.09083345938587206
Incorrect
