D_pass:0.31672025723472674
D_fail:0.033787897236089104
Incorrect
