D_pass:0.5677321156773212
D_fail:0.1963696883992085
Incorrect
