D_pass:0.4952893674293405
D_fail:0.12290502793296088
Incorrect
