D_pass:0.009237875288683584
D_fail:0.01660611284180484
Incorrect
