D_pass:0.11940298507462688
D_fail:0.36423841059602646
Incorrect
