D_pass:0.11365040148239658
D_fail:0.7341772151898734
Correct
