D_pass:0.3283446712018141
D_fail:0.201625451729515
Incorrect
