D_pass:0.9174454828660437
D_fail:0.9514696223126359
Correct
