D_pass:0.49221136224801465
D_fail:0.8045363575717145
Correct
