D_pass:0.3529411764705882
D_fail:0.18181818181818177
Incorrect
