D_pass:0.06765899864682001
D_fail:0.8919679279786187
Correct
