D_pass:0.11787072243346008
D_fail:0.22125225082085317
Correct
