D_pass:0.47941130421168
D_fail:0.8045363575717145
Incorrect
