D_pass:0.007246376811594235
D_fail:0.1277915674229211
Correct
