D_pass:0.07063960955561266
D_fail:0.004817476032522794
Incorrect
