D_pass:0.7962138084632517
D_fail:0.5139541355497169
Incorrect
