D_pass:0.8571428571428572
D_fail:0.6767676767676767
Incorrect
