D_pass:0.04166666666666663
D_fail:0.04166666666666663
Correct
