D_pass:0.2432432432432432
D_fail:0.36176015422772995
Correct
