D_pass:0.03703703703703709
D_fail:0.05016187844193965
Incorrect
