D_pass:0.14184397163120566
D_fail:0.32357723577235775
Incorrect
