D_pass:0.024539877300613466
D_fail:0.019607843137254943
Incorrect
