D_pass:0.08187134502923976
D_fail:0.240650406504065
Correct
