D_pass:0.011904761904761862
D_fail:0.008792599648352595
Incorrect
