D_pass:0.05799043062200959
D_fail:0.35715901379778325
Incorrect
