D_pass:0.9435736677115988
D_fail:0.9232110459966634
Incorrect
