D_pass:0.021562202726984503
D_fail:0.5952380952380952
Incorrect
