D_pass:0.027272727272727226
D_fail:0.03168706293706294
Incorrect
