D_pass:0.009615384615384581
D_fail:0.015107913669064742
Correct
