D_pass:0.03508771929824561
D_fail:0.2032520325203252
Correct
