D_pass:0.1943483275663207
D_fail:0.13478354866463851
Incorrect
