D_pass:0.06407459919293268
D_fail:0.35701357466063344
Correct
