D_pass:0.03125
D_fail:0.825430277485072
Correct
