D_pass:0.31999999999999995
D_fail:0.40601503759398494
Correct
