D_pass:0.32974910394265233
D_fail:0.4013490069224018
Correct
