D_pass:0.027952755905511828
D_fail:0.028112348438623612
Correct
