D_pass:0.0032295271049596064
D_fail:0.013307005494505475
Correct
