D_pass:0.8181818181818181
D_fail:0.6936936936936937
Incorrect
