D_pass:0.015151515151515138
D_fail:3.2992411745302874E-4
Incorrect
