D_pass:0.36363636363636365
D_fail:0.35681880047182646
Incorrect
