D_pass:0.888095238095238
D_fail:0.34068082604611555
Incorrect
