D_pass:0.1467370803470388
D_fail:0.900798062906135
Correct
