D_pass:0.014880952380952328
D_fail:0.04203387054150872
Incorrect
