D_pass:0.12698412698412698
D_fail:0.6218809980806141
Incorrect
