D_pass:0.059665871121718395
D_fail:0.15433529147339342
Correct
