D_pass:0.547945205479452
D_fail:0.2407602367979524
Incorrect
