D_pass:0.7951002227171492
D_fail:0.5139541355497169
Incorrect
