D_pass:0.03125
D_fail:0.8285812435589145
Correct
