D_pass:0.05555555555555558
D_fail:0.9998755015601211
Correct
