D_pass:0.0032051282051281937
D_fail:0.005651340996168586
Correct
