D_pass:0.0010395010395010118
D_fail:0.0022887378103146525
Incorrect
