D_pass:0.9206798866855525
D_fail:0.03999999999999998
Incorrect
