D_pass:0.4253308128544423
D_fail:0.8878758678625256
Incorrect
