D_pass:0.002362669816893037
D_fail:0.002807254504800366
Correct
