D_pass:0.6414141414141414
D_fail:0.23149394347240915
Incorrect
