D_pass:0.039215686274509776
D_fail:0.06640506171000496
Incorrect
