D_pass:0.8854415274463007
D_fail:0.31255608013117386
Incorrect
