D_pass:0.25396825396825395
D_fail:0.6044176706827309
Correct
