D_pass:0.07075334918517662
D_fail:0.9032212688141792
Correct
