D_pass:0.012195121951219523
D_fail:0.8283246977547496
Correct
