D_pass:0.007547169811320753
D_fail:0.259876773880132
Correct
