D_pass:0.035650623885918
D_fail:0.3175230566534914
Incorrect
