D_pass:0.0022492127755285862
D_fail:0.35747508305647846
Incorrect
