D_pass:0.006578947368421018
D_fail:0.17211703958691915
Correct
