D_pass:0.06692913385826771
D_fail:0.8410596026490066
Correct
