D_pass:0.06354792787092689
D_fail:0.035120643431635346
Incorrect
