D_pass:0.3418181818181818
D_fail:0.3046594982078853
Incorrect
