D_pass:0.009803921568627416
D_fail:0.0056360708534621586
Incorrect
