D_pass:0.06646477946017115
D_fail:0.35735327441649667
Incorrect
