D_pass:0.0022492127755285862
D_fail:0.35696236201622555
Incorrect
