D_pass:0.059523809523809534
D_fail:0.05422302869305053
Incorrect
