D_pass:0.11100049776007959
D_fail:0.0904315692975639
Incorrect
