D_pass:0.1519607843137255
D_fail:0.9058939372626248
Incorrect
