D_pass:0.0010341261633919352
D_fail:0.10993737247312547
Correct
