D_pass:0.07614942528735635
D_fail:0.22601626016260168
Correct
