D_pass:0.715470609448251
D_fail:0.5108635097493036
Incorrect
