D_pass:0.10918114143920599
D_fail:0.5032987817591517
Incorrect
