D_pass:0.004638218923933235
D_fail:0.8076190476190477
Correct
