D_pass:0.1476459510357816
D_fail:0.900798062906135
Incorrect
