D_pass:0.01980198019801982
D_fail:0.39860139860139865
Incorrect
