D_pass:0.2705882352941177
D_fail:0.5077806595035198
Incorrect
