D_pass:0.08620689655172409
D_fail:0.07835497835497836
Incorrect
