D_pass:0.03125
D_fail:0.8283246977547496
Correct
