D_pass:0.2891049470975121
D_fail:0.8925950633755837
Incorrect
