D_pass:0.08901383536546847
D_fail:0.06726134001701688
Incorrect
