D_pass:0.07339449541284404
D_fail:0.010727969348659001
Incorrect
