D_pass:0.2672247263361236
D_fail:0.33675373134328357
Incorrect
