D_pass:0.4214285714285714
D_fail:0.40813008130081296
Incorrect
