D_pass:0.009803921568627416
D_fail:0.0048661800486617945
Incorrect
