D_pass:0.4686998394863563
D_fail:0.19674796747967482
Incorrect
