D_pass:0.27133105802047786
D_fail:0.7572019286084334
Incorrect
