D_pass:0.5466893039049237
D_fail:0.2154971565999449
Incorrect
