D_pass:0.8015267175572519
D_fail:0.060646581960694355
Incorrect
