D_pass:0.022037928434727183
D_fail:0.8919679279786187
Incorrect
