D_pass:0.19999999999999996
D_fail:0.1284411081907528
Incorrect
