D_pass:0.06896551724137934
D_fail:0.010362694300518172
Incorrect
