D_pass:0.8878281622911695
D_fail:0.14889950081685513
Incorrect
