D_pass:0.047244094488189003
D_fail:0.6829268292682926
Incorrect
