D_pass:0.058238636363636354
D_fail:0.8909832606555071
Incorrect
