D_pass:0.14462299134734236
D_fail:0.9500633000422001
Incorrect
