D_pass:0.030303030303030276
D_fail:0.8271857923497268
Correct
