D_pass:0.0227416298168035
D_fail:0.0026827632461435295
Incorrect
