D_pass:0.11940298507462688
D_fail:0.5090359011248363
Incorrect
