D_pass:0.3493975903614458
D_fail:0.31943563728598606
Incorrect
