D_pass:0.24766584766584765
D_fail:0.1825784074066044
Incorrect
