D_pass:0.10204081632653061
D_fail:0.15517241379310343
Correct
