D_pass:0.0028248587570621764
D_fail:0.22916666666666669
Incorrect
