D_pass:0.0431034482758621
D_fail:0.19674796747967482
Correct
