D_pass:0.5454545454545454
D_fail:0.43235294117647055
Incorrect
