D_pass:0.45104895104895104
D_fail:0.4315431500246771
Incorrect
