D_pass:0.012326656394452962
D_fail:0.003896103896103895
Incorrect
