D_pass:0.8064102564102564
D_fail:0.5967741935483871
Incorrect
