D_pass:0.7020996693842931
D_fail:0.30405895618707834
Incorrect
