D_pass:0.2232620320855615
D_fail:0.8717119144746097
Incorrect
