D_pass:0.33300149328023887
D_fail:0.16139494945800592
Incorrect
