D_pass:0.16393442622950816
D_fail:0.06758860153256704
Incorrect
