D_pass:0.14814814814814814
D_fail:0.06218716045456076
Incorrect
