D_pass:0.03613995670877057
D_fail:0.4145610278372591
Incorrect
