D_pass:0.14763516172188562
D_fail:0.06753316360712852
Incorrect
