D_pass:0.46505284691442206
D_fail:0.807970745929385
Correct
