D_pass:0.028037383177570097
D_fail:0.03377192982456141
Incorrect
