D_pass:0.7026856724399257
D_fail:0.30429829330127117
Incorrect
