D_pass:0.18181818181818177
D_fail:0.1662734779058162
Incorrect
