D_pass:0.735195530726257
D_fail:0.06758860153256704
Incorrect
