D_pass:0.0062893081761006275
D_fail:0.038823172581134366
Incorrect
