D_pass:0.2867981790591806
D_fail:0.18963580859702378
Incorrect
