D_pass:0.022450888681010306
D_fail:0.023389136796088957
Incorrect
