D_pass:0.9449685534591195
D_fail:0.9226951342988134
Incorrect
