D_pass:0.3418181818181818
D_fail:0.8866157685370494
Incorrect
