D_pass:0.9418238993710691
D_fail:0.9228168321887207
Incorrect
