D_pass:0.3789473684210526
D_fail:0.10938224752266497
Incorrect
