D_pass:0.3520833333333333
D_fail:0.2706914778579535
Incorrect
