D_pass:0.05882352941176472
D_fail:0.09615384615384615
Correct
