D_pass:7.949125596183881E-4
D_fail:0.0022477177399456982
Correct
