D_pass:0.7426900584795322
D_fail:0.38754991078494205
Incorrect
