D_pass:0.888095238095238
D_fail:0.1680137563501437
Incorrect
