D_pass:0.033333333333333326
D_fail:0.08892721628147637
Incorrect
