D_pass:0.027272727272727226
D_fail:0.04679420390891598
Incorrect
