D_pass:0.3076923076923077
D_fail:0.34716981132075475
Correct
