D_pass:0.03039513677811545
D_fail:0.061320754716981174
Correct
