D_pass:0.27652273377180436
D_fail:0.8877276208830578
Correct
