D_pass:0.03125
D_fail:0.08190052123720418
Correct
