D_pass:0.0022962112514350874
D_fail:0.04616766880917824
Incorrect
