D_pass:0.9465408805031447
D_fail:0.9234166702921849
Incorrect
