D_pass:0.38095238095238093
D_fail:0.35609756097560974
Incorrect
