D_pass:0.08859520313264801
D_fail:0.949781966521311
Correct
