D_pass:0.01941747572815533
D_fail:0.4836956737941323
Incorrect
