D_pass:0.22988505747126442
D_fail:0.15106257689199698
Incorrect
