D_pass:0.44431137724550895
D_fail:0.2691907391673746
Incorrect
