D_pass:0.48051948051948057
D_fail:0.3906976744186047
Incorrect
