D_pass:0.09090909090909094
D_fail:0.41666666666666663
Correct
