D_pass:0.07547169811320753
D_fail:0.17005362362505214
Correct
