D_pass:0.006989748369058746
D_fail:0.007500137854627538
Incorrect
