D_pass:0.0015904572564612307
D_fail:2.541296060991127E-4
Incorrect
