D_pass:0.1228070175438597
D_fail:0.029197080291970767
Incorrect
