D_pass:0.09195402298850575
D_fail:0.6724450843592716
Correct
