D_pass:0.03125
D_fail:0.08196094001339572
Correct
