D_pass:0.7543859649122807
D_fail:0.3852403208757494
Incorrect
