D_pass:0.046511627906976716
D_fail:0.15555555555555556
Incorrect
