D_pass:0.8888888888888888
D_fail:0.8577650374369042
Incorrect
