D_pass:0.14942528735632188
D_fail:7.497563291924969E-5
Incorrect
