D_pass:0.6076124567474048
D_fail:0.05051792059956624
Incorrect
