D_pass:0.037754595131644364
D_fail:0.025456010724031697
Incorrect
