D_pass:0.06757928479466091
D_fail:0.35686806969902696
Incorrect
