D_pass:0.8854415274463007
D_fail:0.18888689282341187
Incorrect
