D_pass:0.004796163069544335
D_fail:0.007591067587505318
Incorrect
