D_pass:0.1333333333333333
D_fail:0.4221285401323643
Correct
