D_pass:0.36363636363636365
D_fail:0.3483606557377049
Incorrect
