D_pass:0.0012285012285012664
D_fail:0.062494336733896816
Correct
