D_pass:0.050000000000000044
D_fail:0.08962222239885545
Incorrect
