D_pass:0.0029673590504450953
D_fail:6.123698714023407E-4
Incorrect
