D_pass:0.9627039627039627
D_fail:0.43601498331474114
Incorrect
