D_pass:0.08333333333333337
D_fail:0.33333333333333337
Incorrect
