D_pass:0.6086956521739131
D_fail:0.053639543600651776
Incorrect
