D_pass:0.14802259887005653
D_fail:0.900798062906135
Correct
