D_pass:0.07079646017699115
D_fail:0.17272727272727273
Correct
