D_pass:0.09090909090909094
D_fail:0.36363636363636365
Correct
