D_pass:0.05847953216374269
D_fail:0.22601626016260168
Incorrect
