D_pass:0.07913669064748197
D_fail:0.6703507489952503
Incorrect
