D_pass:0.09090909090909094
D_fail:0.1746410590454478
Correct
