D_pass:0.2377994676131322
D_fail:0.7071327350023618
Incorrect
