D_pass:0.002858776443682154
D_fail:0.14104778353483016
Incorrect
