D_pass:0.2602389078498294
D_fail:0.7540165521457893
Incorrect
