D_pass:0.8428571428571429
D_fail:0.5909090909090908
Incorrect
