D_pass:0.24861878453038677
D_fail:0.03136507936507937
Incorrect
