D_pass:0.0745808288516292
D_fail:0.04133417442043841
Incorrect
