D_pass:0.3076923076923077
D_fail:0.3458646616541353
Correct
