D_pass:0.48381185094685397
D_fail:0.8038445383341981
Correct
