D_pass:0.08333333333333337
D_fail:0.36363636363636365
Correct
